89
72
52
86
127
162
187
202
205
100
0
0
0
0
0
0
0
0
0
0
0
0
0
0
0
0
0
0
0
0
0
1426
1728
1475
1009
1015
1041
1167
1784
1506
1249
1088
1228
1535
1333
1569
1492
1935
1851
2195
1070
1412
0
0
0
0
0
0
-1
112
1289
1788
3299
929
321
224
129
106
59
-3
-19
-34
-29
-29
-30
-29
-29
-29
-29
-29
-29
-29
-29
-29
-29
-29
-27
-23
-13
59
108
147
184
202
242
152
237
286
441
287
198
206
227
214
194
97
125
104
149
103
119
130
200
197
313
348
322
304
353
339
368
396
342
348
374
441
506
492
381
358
302
223
181
134
132
150
158
166
154
166
188
285
194
205
351
389
540
603
627
841
827
608
519
430
1529
2111
2225
2006
2257
2023
700
1335
839
833
1123
715
784
1108
1348
1503
1737
1811
1440
2281
2185
1833
2493
1657
1332
1657
1301
1228
1634
1557
1332
1086
813
995
694
1173
1166
1086
1570
1254
1697
1872
1372
1112
1111
1247
1149
967
955
1082
1093
935
838
918
833
722
716
887
994
942
964
855
871
916
1160
927
583
576
213
187
172
158
154
143
126
126
191
279
390
340
722
734
1082
553
874
980
1000
1556
1034
0
0
0
0
0
0
0
0
0
0
0
0
0
0
0
0
0
0
0
0
0
14
658
217
206
911
49
14
0
0
0
0
0
0
0
0
0
0
0
0
0
0
0
0
0
0
0
0
0
0
0
0
0
0
0
0
0
0
0
0
0
0
0
0
0
0
0
0
0
0
0
0
0
0
0
0
0
0
0
0
0
0
0
0
0
0
0
0
0
0
0
0
0
0
0
0
0
0
0
0
0
0
0
0
0
0
0
0
0
0
0
0
0
0
0
0
0
0
0
0
0
0
0
0
0
0
0
0
0
0
0
0
0
0
0
0
0
0
0
0
0
0
0
0
0
0
0
0
0
0
0
0
0
0
0
0
0
0
0
0
0
0
0
0
0
0
0
0
0
0
0
0
0
0
0
0
0
0
0
0
0
0
0
0
0
0
0
0
0
0
0
0
0
0
0
0
0
0
0
0
0
0
0
0
0
0
0
0
0
0
0
0
0
0
0
0
0
0
0
0
0
0
0
0
0
0
0
0
0
0
0
0
0
0
0
0
0
0
0
0
0
0
0
0
0
0
0
0
0
0
0
0
0
0
0
0
0
0
0
0
0
0
0
0
0
0
0
0
0
0
0
0
0
0
0
0
0
0
0
0
0
0
0
0
0
0
0
0
0
0
0
0
0
0
0
0
0
0
0
0
0
0
0
0
0
0
0
0
0
0
0
0
0
0
0
0
0
0
0
0
0
0
0
0
0
0
0
0
0
0
0
0
0
0
0
0
0
0
0
0
0
0
0
0
0
0
0
0
0
0
0
0
0
0
0
0
0
0
0
0
0
0
0
0
0
0
0
0
0
0
0
0
0
0
0
0
0
0
0
0
0
0
0
0
0
0
0
0
0
0
0
0
0
0
0
0
0
0
0
0
0
0
0
0
0
0
0
0
0
0
0
0
0
0
0
0
0
0
0
0
0
0
0
0
0
0
0
0
0
0
0
0
0
0
0
0
0
0
0
0
0
0
0
0
0
0
0
0
0
0
0
0
0
0
0
0
0
0
0
0
0
0
0
0
0
0
0
0
0
0
0
0
0
0
0
0
0
0
0
0
0
0
0
0
0
981
0
993
1146
0
673
877
545
625
1078
1003
827
286
386
1505
741
1097
227
104
64
144
247
0
0
0
51
59
76
0
5
23
0
0
0
0
166
157
40
23
0
59
111
221
0
4
10
0
0
1
0
0
0
0
0
89
0
0
0
28
0
0
0
0
0
0
0
0
0
0
0
0
0
0
0
0
0
0
0
0
0
0
0
0
0
0
0
0
0
0
0
0
0
0
0
0
0
0
0
0
0
0
0
0
87
0
0
0
0
0
0
0
0
0
0
0
0
0
0
0
0
0
0
0
0
0
0
0
0
0
0
0
0
0
0
0
0
0
0
0
0
0
0
0
0
0
0
0
0
0
0
0
0
0
0
0
0
0
0
0
0
0
0
0
0
0
0
0
0
0
0
0
0
0
0
0
0
0
0
0
0
0
0
0
0
0
0
0
0
0
0
0
0
0
0
0
0
0
0
0
0
0
0
0
0
0
0
0
0
0
0
0
0
0
0
0
0
0
0
0
0
0
0
0
0
0
0
0
0
0
0
188
125
62
48
7
99
44
29
46
16
95
116
118
74
89
141
149
78
201
180
175
410
245
153
229
234
256
304
321
343
362
368
385
334
338
341
365
375
305
308
303
323
287
272
279
288
293
275
333
347
300
298
238
233
284
312
324
351
391
339
293
314
353
249
224
252
430
397
304
215
368
395
441
449
490
508
522
570
538
565
598
677
660
603
518
499
503
401
290
175
73
-1
95
1396
1162
970
1045
679
751
590
393
264
227
94
0
0
0
0
0
0
0
0
0
0
0
0
0
0
0
1346
452
134
15
0
0
0
0
0
420
1198
1956
906
1059
823
484
242
531
757
231
35
210
361
479
628
815
1325
529
534
1317
164
146
149
147
133
118
130
90
94
96
35
85
123
189
142
105
156
59
113
146
143
88
115
82
126
174
73
194
85
109
141
112
77
129
145
144
162
137
195
75
55
52
78
60
79
89
134
105
178
109
35
49
45
52
123
72
95
119
188
166
410
245
384
308
268
298
351
348
279
257
269
253
262
151
120
253
291
249
321
256
265
307
292
324
310
317
332
407
396
511
476
471
469
459
589
463
335
349
341
295
277
282
268
325
347
400
389
608
817
1344
909
593
1538
1478
1687
2126
2056
1582
829
1664
1560
1462
1738
2213
2087
2922
2376
2590
3415
2832
3121
2865
2441
2252
2089
2445
1998
2038
1865
1152
1343
1318
1880
1421
1506
1382
1079
827
1328
2146
1736
1444
1269
1200
1112
1266
1225
1077
889
764
1176
1355
1188
1512
1088
1064
1178
1567
1401
1358
1479
1393
1313
1273
1169
1011
930
1118
945
1539
996
881
1341
1197
1302
992
1144
77
80
77
64
57
52
41
36
31
28
25
24
25
47
29
28
10
10
30
73
113
50
12
9
718
370
626
104
3
0
0
0
0
0
0
0
0
0
0
0
0
0
0
0
0
0
0
0
0
0
0
0
0
0
0
0
0
0
0
0
0
0
0
0
0
0
0
0
0
0
0
0
0
0
0
0
0
0
0
0
0
0
0
0
0
0
0
0
0
0
0
0
0
0
0
0
0
0
0
0
0
0
0
0
0
0
0
0
0
0
0
0
0
0
0
0
0
0
0
0
0
0
0
0
0
0
0
0
0
0
0
0
0
0
0
0
0
0
0
0
0
0
0
0
0
0
0
0
0
0
0
0
0
0
0
0
0
121
510
0
0
0
0
110
0
0
0
0
0
0
0
0
0
0
0
0
296
0
0
0
35
0
0
0
0
0
0
0
0
0
0
0
0
0
0
0
0
0
0
0
0
0
0
0
0
0
0
0
0
0
0
0
0
0
0
0
0
0
0
0
0
0
0
0
0
0
0
0
0
0
0
0
0
0
0
0
0
0
0
0
0
0
0
0
0
0
0
0
0
0
0
0
0
0
0
0
0
0
0
0
0
0
0
0
0
0
0
0
0
0
0
0
0
0
0
0
0
0
0
0
0
0
0
0
0
0
0
0
0
0
0
0
0
0
0
0
0
0
0
0
0
0
0
0
0
0
0
0
0
0
0
0
0
0
0
0
0
0
0
0
0
0
0
0
0
0
0
0
0
0
0
0
0
0
0
0
0
0
0
0
0
0
0
0
0
0
0
0
0
0
0
0
0
0
0
0
0
0
0
0
0
0
0
0
0
0
0
0
0
0
0
0
0
0
0
0
0
0
0
0
0
0
0
0
0
0
0
0
0
0
0
0
0
0
0
0
0
0
0
0
0
0
0
0
0
0
0
0
0
0
0
0
0
0
0
0
0
0
0
0
0
0
0
0
0
0
0
0
0
0
0
0
0
0
0
0
0
0
0
0
0
0
0
0
0
0
0
0
0
0
0
0
0
0
0
0
0
0
0
0
0
0
0
0
0
0
0
0
0
0
0
0
0
0
0
0
0
0
0
0
0
0
0
0
0
0
0
0
0
0
0
0
0
0
0
0
0
0
0
0
0
0
0
0
0
0
0
0
0
0
0
0
0
0
0
0
0
0
0
0
0
0
0
0
606
0
0
0
1308
847
508
3991
3953
2815
2418
3338
4358
4596
4316
3648
3568
3781
4779
1885
3564
5165
3915
3660
4325
3726
3601
3445
921
974
1172
1434
599
356
727
978
370
398
422
429
462
318
295
359
295
473
350
343
303
266
418
498
212
182
286
487
275
189
646
386
369
229
464
491
396
364
336
342
413
281
287
318
341
362
